{
 "cells": [
  {
   "cell_type": "code",
   "execution_count": 1,
   "metadata": {},
   "outputs": [
    {
     "ename": "ModuleNotFoundError",
     "evalue": "No module named 'triad_openvr'",
     "output_type": "error",
     "traceback": [
      "\u001b[1;31m---------------------------------------------------------------------------\u001b[0m",
      "\u001b[1;31mModuleNotFoundError\u001b[0m                       Traceback (most recent call last)",
      "\u001b[1;32m<ipython-input-1-4dba642ac599>\u001b[0m in \u001b[0;36m<module>\u001b[1;34m\u001b[0m\n\u001b[1;32m----> 1\u001b[1;33m \u001b[1;32mimport\u001b[0m \u001b[0mtriad_openvr\u001b[0m\u001b[1;33m\u001b[0m\u001b[1;33m\u001b[0m\u001b[0m\n\u001b[0m\u001b[0;32m      2\u001b[0m \u001b[1;32mimport\u001b[0m \u001b[0mtime\u001b[0m\u001b[1;33m\u001b[0m\u001b[1;33m\u001b[0m\u001b[0m\n\u001b[0;32m      3\u001b[0m \u001b[1;32mimport\u001b[0m \u001b[0msys\u001b[0m\u001b[1;33m\u001b[0m\u001b[1;33m\u001b[0m\u001b[0m\n\u001b[0;32m      4\u001b[0m \u001b[1;33m\u001b[0m\u001b[0m\n\u001b[0;32m      5\u001b[0m \u001b[0mv\u001b[0m \u001b[1;33m=\u001b[0m \u001b[0mtriad_openvr\u001b[0m\u001b[1;33m.\u001b[0m\u001b[0mtriad_openvr\u001b[0m\u001b[1;33m(\u001b[0m\u001b[1;33m)\u001b[0m\u001b[1;33m\u001b[0m\u001b[1;33m\u001b[0m\u001b[0m\n",
      "\u001b[1;31mModuleNotFoundError\u001b[0m: No module named 'triad_openvr'"
     ]
    }
   ],
   "source": [
    "import triad_openvr\n",
    "import time\n",
    "import sys\n",
    "\n",
    "v = triad_openvr.triad_openvr()\n",
    "v.print_discovered_objects()\n",
    "\n",
    "if len(sys.argv) == 1:\n",
    "    interval = 1/250\n",
    "elif len(sys.argv) == 2:\n",
    "    interval = 1/float(sys.argv[1])\n",
    "else:\n",
    "    print(\"Invalid number of arguments\")\n",
    "    interval = False\n",
    "    \n",
    "if interval:\n",
    "    while(True):\n",
    "        start = time.time()\n",
    "        txt = \"\"\n",
    "        for each in v.devices[\"controller_1\"].get_pose_euler():\n",
    "            txt += \"%.4f\" % each\n",
    "            txt += \" \"\n",
    "        print(\"\\r\" + txt, end=\"\")\n",
    "        sleep_time = interval-(time.time()-start)\n",
    "        if sleep_time>0:\n",
    "            time.sleep(sleep_time)"
   ]
  },
  {
   "cell_type": "code",
   "execution_count": 4,
   "metadata": {
    "scrolled": true
   },
   "outputs": [
    {
     "ename": "ModuleNotFoundError",
     "evalue": "No module named 'triad_openvr'",
     "output_type": "error",
     "traceback": [
      "\u001b[1;31m---------------------------------------------------------------------------\u001b[0m",
      "\u001b[1;31mModuleNotFoundError\u001b[0m                       Traceback (most recent call last)",
      "\u001b[1;32m<ipython-input-4-ccd706d80041>\u001b[0m in \u001b[0;36m<module>\u001b[1;34m\u001b[0m\n\u001b[1;32m----> 1\u001b[1;33m \u001b[1;32mimport\u001b[0m \u001b[0mtriad_openvr\u001b[0m\u001b[1;33m\u001b[0m\u001b[1;33m\u001b[0m\u001b[0m\n\u001b[0m",
      "\u001b[1;31mModuleNotFoundError\u001b[0m: No module named 'triad_openvr'"
     ]
    }
   ],
   "source": [
    "import triad_openvr"
   ]
  },
  {
   "cell_type": "code",
   "execution_count": 6,
   "metadata": {},
   "outputs": [
    {
     "name": "stdout",
     "output_type": "stream",
     "text": [
      "[[0.2743441164493561, -0.16069984436035156, -0.9481090307235718, 1.1168088912963867], [0.0042805797420442104, 0.9861322641372681, -0.16590596735477448, 0.761332094669342], [0.9616219997406006, 0.04145687445998192, 0.2712274491786957, 0.6197083592414856]]\n",
      "[[0.2743285596370697, -0.1606457680463791, -0.9481227397918701, 1.1167960166931152], [0.004245946649461985, 0.9861403703689575, -0.16585880517959595, 0.7613327503204346], [0.9616265892982483, 0.041474130004644394, 0.2712085545063019, 0.6196879148483276]]\n",
      "[[0.2743045687675476, -0.1607387661933899, -0.9481139183044434, 1.1167601346969604], [0.004371949005872011, 0.9861297011375427, -0.16591891646385193, 0.7613334059715271], [0.9616328477859497, 0.04136721044778824, 0.27120256423950195, 0.6196235418319702]]\n",
      "[[0.27425143122673035, -0.16064497828483582, -0.9481451511383057, 1.1168444156646729], [0.004402846563607454, 0.9861478209495544, -0.16581028699874878, 0.7613428235054016], [0.9616478681564331, 0.04129917547106743, 0.2711597979068756, 0.6196792721748352]]\n",
      "[[0.27422982454299927, -0.16074541211128235, -0.9481343626976013, 1.116837739944458], [0.004405141342431307, 0.9861305356025696, -0.16591311991214752, 0.761370837688446], [0.9616540670394897, 0.04132165387272835, 0.27113446593284607, 0.619670033454895]]\n",
      "[[0.27423831820487976, -0.16075098514556885, -0.9481309652328491, 1.1168949604034424], [0.00440533272922039, 0.9861295223236084, -0.1659192442893982, 0.7614278197288513], [0.961651623249054, 0.04132457450032234, 0.2711426317691803, 0.6196854710578918]]\n",
      "[[0.2743031978607178, -0.1605280041694641, -0.9481499791145325, 1.11687171459198], [0.004413742106407881, 0.986168384552002, -0.16568785905838013, 0.7614817023277283], [0.9616330862045288, 0.041263822466135025, 0.2712177038192749, 0.6197370290756226]]\n",
      "[[0.2743992805480957, -0.16051924228668213, -0.9481236934661865, 1.1168878078460693], [0.004398656543344259, 0.9861685037612915, -0.16568729281425476, 0.7614257335662842], [0.9616057872772217, 0.041294001042842865, 0.271310031414032, 0.6197229623794556]]\n",
      "[[0.27447572350502014, -0.16045337915420532, -0.9481127262115479, 1.1169753074645996], [0.00458791246637702, 0.9861875772476196, -0.1655687689781189, 0.7614348530769348], [0.9615830183029175, 0.041094742715358734, 0.2714206874370575, 0.6197308897972107]]\n",
      "[[0.2745739221572876, -0.16031616926193237, -0.9481074810028076, 1.1169917583465576], [0.004495306871831417, 0.9862068295478821, -0.16545657813549042, 0.7614744901657104], [0.9615553617477417, 0.04116803780198097, 0.2715073227882385, 0.6197034120559692]]\n",
      "[[0.27454060316085815, -0.16038796305656433, -0.9481050372123718, 1.11687433719635], [0.004410687834024429, 0.986190915107727, -0.16555365920066833, 0.7614494562149048], [0.961565375328064, 0.04126940295100212, 0.27145689725875854, 0.6197575926780701]]\n",
      "[[0.2746756076812744, -0.16050994396209717, -0.9480452537536621, 1.116947054862976], [0.004516378976404667, 0.986173152923584, -0.16565673053264618, 0.7614462971687317], [0.9615262746810913, 0.04122013971209526, 0.27160266041755676, 0.6197541952133179]]\n",
      "[[0.274588018655777, -0.16044974327087402, -0.948080837726593, 1.117006540298462], [0.004520894959568977, 0.9861844778060913, -0.16558891534805298, 0.761444091796875], [0.961551308631897, 0.04118255525827408, 0.27151983976364136, 0.6197586059570312]]\n",
      "[[0.27450740337371826, -0.16043224930763245, -0.948107123374939, 1.1169391870498657], [0.004580091685056686, 0.986190676689148, -0.16555041074752808, 0.7614949345588684], [0.9615740776062012, 0.041102394461631775, 0.2714514434337616, 0.6197674870491028]]\n",
      "[[0.2744462490081787, -0.1603570580482483, -0.9481375217437744, 1.1168949604034424], [0.004609530791640282, 0.986205518245697, -0.16546116769313812, 0.7614596486091614], [0.9615913033485413, 0.04103972762823105, 0.27139952778816223, 0.6197456121444702]]\n",
      "[[0.274478018283844, -0.16034913063049316, -0.9481296539306641, 1.116919994354248], [0.004570614080876112, 0.9862050414085388, -0.1654653251171112, 0.7614620327949524], [0.9615824818611145, 0.041083063930273056, 0.2714245021343231, 0.6197112798690796]]\n",
      "[[0.2743438482284546, -0.16037222743034363, -0.9481645822525024, 1.1169008016586304], [0.004560249391943216, 0.9862015247344971, -0.16548632085323334, 0.7614807486534119], [0.9616208076477051, 0.041076287627220154, 0.2712897062301636, 0.6197415590286255]]\n",
      "[[0.27449390292167664, -0.16038978099822998, -0.9481182098388672, 1.1170536279678345], [0.004545620176941156, 0.986196756362915, -0.16551537811756134, 0.7615612149238586], [0.9615780711174011, 0.041123174130916595, 0.27143406867980957, 0.6197755336761475]]\n",
      "[[0.2745000720024109, -0.16040726006031036, -0.9481134414672852, 1.1171181201934814], [0.004557815846055746, 0.9861941337585449, -0.16553038358688354, 0.7616487741470337], [0.9615762233734131, 0.04111677035689354, 0.27144142985343933, 0.6197741627693176]]\n",
      "[[0.27454912662506104, -0.16026276350021362, -0.9481236934661865, 1.1170616149902344], [0.004730270244181156, 0.9862263798713684, -0.1653335690498352, 0.7615957260131836], [0.9615614414215088, 0.040907301008701324, 0.2715255916118622, 0.6197589635848999]]\n",
      "[[0.27461421489715576, -0.16013245284557343, -0.9481268525123596, 1.1170889139175415], [0.004564881324768066, 0.9862415194511414, -0.1652476191520691, 0.7616263628005981], [0.9615435600280762, 0.04105124995112419, 0.27156689763069153, 0.6197836995124817]]\n",
      "[[0.2745734751224518, -0.16034549474716187, -0.948102593421936, 1.1169922351837158], [0.004545891657471657, 0.9862039089202881, -0.16547279059886932, 0.7615351676940918], [0.9615553617477417, 0.04112446308135986, 0.27151432633399963, 0.6197923421859741]]\n",
      "[[0.2744828164577484, -0.16034644842147827, -0.9481287002563477, 1.1170188188552856], [0.004615319427102804, 0.9862073659896851, -0.16545012593269348, 0.7615187764167786], [0.9615808725357056, 0.04103730246424675, 0.27143701910972595, 0.6197608709335327]]\n",
      "[[0.2745114266872406, -0.160221129655838, -0.9481416344642639, 1.1170382499694824], [0.004458322189748287, 0.9862222671508789, -0.16536536812782288, 0.7615871429443359], [0.9615734815597534, 0.04116756096482277, 0.27144360542297363, 0.619788646697998]]\n",
      "[[0.2745446264743805, -0.16020502150058746, -0.9481347799301147, 1.1169809103012085], [0.004566631279885769, 0.9862294793128967, -0.1653195172548294, 0.7615275382995605], [0.9615634679794312, 0.04105781018733978, 0.27149567008018494, 0.6196928024291992]]\n",
      "[[0.27451059222221375, -0.16019776463508606, -0.948145866394043, 1.116936445236206], [0.004505110904574394, 0.9862284064292908, -0.16532781720161438, 0.7614189982414246], [0.9615734815597534, 0.0411127433180809, 0.271451860666275, 0.6197063326835632]]\n",
      "[[0.2746206521987915, -0.16028840839862823, -0.9480986595153809, 1.1170134544372559], [0.004720123950392008, 0.9862208962440491, -0.1653662770986557, 0.7614908814430237], [0.9615410566329956, 0.04093785211443901, 0.2715931534767151, 0.6196920275688171]]\n",
      "[[0.27444273233413696, -0.16036486625671387, -0.9481372237205505, 1.1170833110809326], [0.004564252216368914, 0.9862022399902344, -0.16548192501068115, 0.7615640759468079], [0.9615925550460815, 0.04108778014779091, 0.2713880240917206, 0.6198166608810425]]\n",
      "[[0.27451545000076294, -0.16022753715515137, -0.9481394290924072, 1.1169965267181396], [0.004749557469040155, 0.9862335920333862, -0.1652899831533432, 0.761568546295166], [0.9615708589553833, 0.04087141901254654, 0.2714973986148834, 0.6198083162307739]]\n",
      "[[0.27468404173851013, -0.16011986136436462, -0.9481086730957031, 1.1169891357421875], [0.004623431246727705, 0.9862456917762756, -0.16522108018398285, 0.7615181803703308], [0.9615233540534973, 0.041000086814165115, 0.2716463506221771, 0.6197867393493652]]\n",
      "[[0.27453821897506714, -0.16007255017757416, -0.9481589794158936, 1.1170270442962646], [0.004614338278770447, 0.9862546324729919, -0.16516797244548798, 0.7614928483963013], [0.9615650773048401, 0.04096979275345802, 0.27150318026542664, 0.6197861433029175]]\n",
      "[[0.27469587326049805, -0.16011708974838257, -0.9481057524681091, 1.1170084476470947], [0.004527433775365353, 0.9862419962882996, -0.16524583101272583, 0.761543333530426], [0.9615204930305481, 0.04109986126422882, 0.27164149284362793, 0.6197320222854614]]\n"
     ]
    },
    {
     "name": "stdout",
     "output_type": "stream",
     "text": [
      "[[0.27460333704948425, -0.16001565754413605, -0.9481496810913086, 1.1170084476470947], [0.004453635308891535, 0.9862571954727173, -0.16515704989433289, 0.7615571618080139], [0.9615472555160522, 0.04112996906042099, 0.27154219150543213, 0.6197441220283508]]\n",
      "[[0.2745126485824585, -0.16009408235549927, -0.9481626749038696, 1.117093563079834], [0.004675048869103193, 0.9862536787986755, -0.16517208516597748, 0.7615843415260315], [0.9615720510482788, 0.040909118950366974, 0.2714875638484955, 0.6198227405548096]]\n",
      "[[0.27466529607772827, -0.16012977063655853, -0.9481124877929688, 1.1169872283935547], [0.004598744213581085, 0.9862430691719055, -0.16523753106594086, 0.7615808844566345], [0.9615288376808167, 0.04102488234639168, 0.2716231346130371, 0.6198320984840393]]\n",
      "[[0.2747388780117035, -0.15993258357048035, -0.9481244683265686, 1.116950511932373], [0.004553130362182856, 0.9862749576568604, -0.16504856944084167, 0.7615838050842285], [0.9615080952644348, 0.041028328239917755, 0.2716962695121765, 0.619779109954834]]\n",
      "[[0.2747012972831726, -0.15984061360359192, -0.9481508731842041, 1.117017388343811], [0.004622410051524639, 0.986294150352478, -0.16493164002895355, 0.7615446448326111], [0.961518406867981, 0.04092419147491455, 0.27167513966560364, 0.6197959780693054]]\n",
      "[[0.27467793226242065, -0.15981142222881317, -0.9481625556945801, 1.1170375347137451], [0.00460664089769125, 0.9862987399101257, -0.16490469872951508, 0.7615728974342346], [0.9615252017974854, 0.04092783108353615, 0.27165067195892334, 0.6196811199188232]]\n",
      "[[0.27473223209381104, -0.1600138545036316, -0.9481127262115479, 1.1171232461929321], [0.004614945035427809, 0.9862634539604187, -0.1651153266429901, 0.7616152763366699], [0.961509644985199, 0.04098700359463692, 0.2716967463493347, 0.6198676228523254]]\n",
      "[[0.2747533321380615, -0.15996457636356354, -0.9481148719787598, 1.1170432567596436], [0.0045270430855453014, 0.986268162727356, -0.16508986055850983, 0.7616627216339111], [0.9615040421485901, 0.041066840291023254, 0.27170467376708984, 0.6198260188102722]]\n",
      "[[0.27467960119247437, -0.15963950753211975, -0.9481910467147827, 1.1170094013214111], [0.004535984247922897, 0.9863256216049194, -0.16474589705467224, 0.7616711258888245], [0.9615250825881958, 0.04095135256648064, 0.2716476321220398, 0.6198101043701172]]\n",
      "[[0.274790495634079, -0.1597004234790802, -0.9481486082077026, 1.1170248985290527], [0.004646039567887783, 0.9863188862800598, -0.16478309035301208, 0.7616630792617798], [0.9614927768707275, 0.040875695645809174, 0.27177301049232483, 0.6198436617851257]]\n",
      "[[0.2747524678707123, -0.15973955392837524, -0.9481531381607056, 1.1170456409454346], [0.0046791317872703075, 0.9863137602806091, -0.16481275856494904, 0.7615579962730408], [0.9615035653114319, 0.04084617272019386, 0.27173957228660583, 0.6197705864906311]]\n",
      "[[0.27474358677864075, -0.15971101820468903, -0.9481604099273682, 1.1171019077301025], [0.004522978328168392, 0.9863121509552002, -0.16482681035995483, 0.7616274356842041], [0.9615068435668945, 0.040996599942445755, 0.2717052698135376, 0.6197549104690552]]\n",
      "[[0.2747505307197571, -0.1598321795463562, -0.9481379985809326, 1.117042899131775], [0.004574603401124477, 0.9862932562828064, -0.1649385690689087, 0.7615814805030823], [0.9615046977996826, 0.040979597717523575, 0.2717157304286957, 0.6197669506072998]]\n",
      "[[0.2748240530490875, -0.15992414951324463, -0.9481011629104614, 1.116942286491394], [0.004554667975753546, 0.986275851726532, -0.16504313051700592, 0.7615375518798828], [0.9614837169647217, 0.041039541363716125, 0.27178075909614563, 0.6198322772979736]]\n",
      "[[0.2746239900588989, -0.15987299382686615, -0.9481678009033203, 1.1169915199279785], [0.004581458866596222, 0.9862873554229736, -0.16497346758842468, 0.7615514397621155], [0.9615407586097717, 0.04096168279647827, 0.27159062027931213, 0.619766116142273]]\n",
      "[[0.2746184170246124, -0.15982761979103088, -0.9481770396232605, 1.117072343826294], [0.0045937420800328255, 0.9862958192825317, -0.1649225652217865, 0.7616726756095886], [0.9615423083305359, 0.04093509167432785, 0.27158915996551514, 0.619795024394989]]\n",
      "[[0.27471914887428284, -0.15997105836868286, -0.9481236934661865, 1.1171411275863647], [0.00457026157528162, 0.9862691164016724, -0.1650828719139099, 0.7617752552032471], [0.9615135788917542, 0.041018251329660416, 0.27167809009552, 0.6198194026947021]]\n",
      "[[0.2746638059616089, -0.1597256064414978, -0.9481810927391052, 1.1172494888305664], [0.0044087739661335945, 0.9863053560256958, -0.16487069427967072, 0.7616987228393555], [0.9615301489830017, 0.04110368713736534, 0.2716065049171448, 0.6198661923408508]]\n",
      "[[0.27468279004096985, -0.1598503589630127, -0.948154628276825, 1.1171560287475586], [0.004608184564858675, 0.9862920045852661, -0.16494499146938324, 0.7617300152778625], [0.9615237712860107, 0.04093828797340393, 0.27165406942367554, 0.6198318600654602]]\n",
      "[[0.2747630476951599, -0.1598495990037918, -0.9481314420700073, 1.1170481443405151], [0.004571135621517897, 0.9862899780273438, -0.16495822370052338, 0.7616305947303772], [0.9615010023117065, 0.04099039360880852, 0.27172672748565674, 0.6197842359542847]]\n",
      "[[0.2748590111732483, -0.15980181097984314, -0.9481116533279419, 1.1170237064361572], [0.004637137986719608, 0.9863003492355347, -0.16489410400390625, 0.7616068720817566], [0.9614733457565308, 0.04092610254883766, 0.2718345522880554, 0.6198006868362427]]\n",
      "[[0.27479666471481323, -0.15983709692955017, -0.9481238722801208, 1.1171115636825562], [0.0045271581038832664, 0.9862900376319885, -0.1649591326713562, 0.7616896629333496], [0.9614917039871216, 0.0410379022359848, 0.2717527747154236, 0.6198327541351318]]\n",
      "[[0.27474817633628845, -0.15970006585121155, -0.9481610059738159, 1.1170856952667236], [0.004551809746772051, 0.9863152503967285, -0.16480746865272522, 0.761673092842102], [0.9615054130554199, 0.040964704006910324, 0.2717152237892151, 0.6198192834854126]]\n",
      "[[0.2748742699623108, -0.15963345766067505, -0.9481356143951416, 1.1170907020568848], [0.004630634095519781, 0.9863292574882507, -0.16472147405147552, 0.761678159236908], [0.9614689946174622, 0.04088722914457321, 0.27185580134391785, 0.6198383569717407]]\n",
      "[[0.27484050393104553, -0.15977466106414795, -0.9481216073036194, 1.1171127557754517], [0.00465288246050477, 0.9863058924674988, -0.1648605763912201, 0.7616567611694336], [0.961478590965271, 0.04089885950088501, 0.27182021737098694, 0.6198199987411499]]\n",
      "[[0.2746522128582001, -0.15962408483028412, -0.9482015371322632, 1.117095947265625], [0.004555273801088333, 0.9863293170928955, -0.164723202586174, 0.7617183327674866], [0.9615327715873718, 0.04092227667570114, 0.2716246545314789, 0.6197947263717651]]\n",
      "[[0.27480027079582214, -0.15958741307258606, -0.9481648206710815, 1.1170374155044556], [0.00451017776504159, 0.9863326549530029, -0.164704367518425, 0.7616503238677979], [0.9614906907081604, 0.040984414517879486, 0.27176421880722046, 0.6198073625564575]]\n",
      "[[0.27481409907341003, -0.15961474180221558, -0.9481562376022339, 1.1171432733535767], [0.0046494221314787865, 0.9863337278366089, -0.16469405591487885, 0.7617407441139221], [0.9614861011505127, 0.04085186868906021, 0.27180051803588867, 0.6198020577430725]]\n",
      "[[0.2747264802455902, -0.15959711372852325, -0.9481845498085022, 1.11712646484375], [0.004578532185405493, 0.9863344430923462, -0.16469186544418335, 0.7617142796516418], [0.961511492729187, 0.04090392589569092, 0.27170291543006897, 0.6197854280471802]]\n",
      "[[0.2746555507183075, -0.15948998928070068, -0.9482231140136719, 1.1172730922698975], [0.004420009907335043, 0.9863468408584595, -0.16462206840515137, 0.7616279125213623], [0.961532473564148, 0.04102320596575737, 0.2716105878353119, 0.6197595000267029]]\n",
      "[[0.27476027607917786, -0.15978151559829712, -0.948143720626831, 1.1171571016311646], [0.0045340294018387794, 0.9863002300262451, -0.16489775478839874, 0.7617210745811462], [0.9615020155906677, 0.041008442640304565, 0.27172061800956726, 0.6198688745498657]]\n",
      "[[0.2746867835521698, -0.15968573093414307, -0.9481812119483948, 1.1171410083770752], [0.004659291356801987, 0.9863227605819702, -0.16475947201251984, 0.7617008090019226], [0.9615224599838257, 0.04083939641714096, 0.2716738283634186, 0.6198264956474304]]\n",
      "[[0.2747526168823242, -0.15983892977237701, -0.9481362700462341, 1.1171388626098633], [0.004744803067296743, 0.9862992763519287, -0.16489757597446442, 0.7616643309593201], [0.9615031480789185, 0.040807321667671204, 0.2717467248439789, 0.6198406219482422]]\n"
     ]
    },
    {
     "name": "stdout",
     "output_type": "stream",
     "text": [
      "[[0.2746274471282959, -0.15976208448410034, -0.9481854438781738, 1.1170616149902344], [0.004675691481679678, 0.9863106608390808, -0.16483163833618164, 0.7616515159606934], [0.9615392684936523, 0.04083387553691864, 0.2716149687767029, 0.6198285222053528]]\n",
      "[[0.2746700048446655, -0.15963159501552582, -0.9481951594352722, 1.1170424222946167], [0.004595790058374405, 0.9863296151161194, -0.164720356464386, 0.7616487145423889], [0.9615274667739868, 0.0408860445022583, 0.2716487944126129, 0.6197793483734131]]\n",
      "[[0.2747575044631958, -0.15960019826889038, -0.9481750726699829, 1.1169936656951904], [0.00456740939989686, 0.9863331913948059, -0.16469958424568176, 0.7616525292396545], [0.9615026116371155, 0.04092174023389816, 0.2717313766479492, 0.6197556257247925]]\n",
      "[[0.2746690809726715, -0.15970231592655182, -0.948183536529541, 1.1171495914459229], [0.004638933576643467, 0.9863191246986389, -0.16478168964385986, 0.761751651763916], [0.9615275859832764, 0.04086187109351158, 0.2716521918773651, 0.619844377040863]]\n",
      "[[0.2746533751487732, -0.1596871018409729, -0.9481906294822693, 1.1172254085540771], [0.004566346760839224, 0.986318826675415, -0.16478568315505981, 0.7618401050567627], [0.9615323543548584, 0.04092918336391449, 0.27162495255470276, 0.6198281645774841]]\n",
      "[[0.2746283710002899, -0.1598668098449707, -0.9481675624847412, 1.1171188354492188], [0.004658965859562159, 0.9862917065620422, -0.1649453490972519, 0.7617085576057434], [0.9615391492843628, 0.04088119789958, 0.27160853147506714, 0.6198114156723022]]\n",
      "[[0.2747262716293335, -0.1599474996328354, -0.9481256008148193, 1.1170697212219238], [0.004615057725459337, 0.9862750768661499, -0.16504602134227753, 0.7616297602653503], [0.9615113735198975, 0.04096681997179985, 0.2716938257217407, 0.6198259592056274]]\n",
      "[[0.27467402815818787, -0.15981712937355042, -0.9481626749038696, 1.117087721824646], [0.004538372159004211, 0.9862948656082153, -0.16492974758148193, 0.761655867099762], [0.9615266919136047, 0.040998801589012146, 0.27163490653038025, 0.6197971105575562]]\n",
      "[[0.27473217248916626, -0.1597505658864975, -0.9481570720672607, 1.1170438528060913], [0.004596848506480455, 0.9863085150718689, -0.16484655439853668, 0.7615976333618164], [0.9615097641944885, 0.04093010723590851, 0.2717049717903137, 0.6198357343673706]]\n",
      "[[0.2746714949607849, -0.15979912877082825, -0.9481664896011353, 1.1170966625213623], [0.004638280253857374, 0.9863022565841675, -0.16488268971443176, 0.7616279721260071], [0.9615268707275391, 0.04089070111513138, 0.2716502845287323, 0.6197777390480042]]\n",
      "[[0.27473893761634827, -0.1598963588476181, -0.9481306076049805, 1.1170783042907715], [0.004586698021739721, 0.9862826466560364, -0.16500140726566315, 0.7616174817085266], [0.9615077972412109, 0.04098353162407875, 0.27170366048812866, 0.619778573513031]]\n",
      "[[0.2746832072734833, -0.15978379547595978, -0.9481657147407532, 1.1170897483825684], [0.004581794608384371, 0.9863024353981018, -0.16488321125507355, 0.7616240382194519], [0.9615237712860107, 0.0409463495016098, 0.27165284752845764, 0.6198472380638123]]\n",
      "[[0.2748276889324188, -0.15976667404174805, -0.9481266736984253, 1.117048978805542], [0.004588129464536905, 0.9863046407699585, -0.164870023727417, 0.7616668343544006], [0.9614825248718262, 0.04096071422100067, 0.2717968225479126, 0.6198129057884216]]\n",
      "[[0.2746976912021637, -0.1598256528377533, -0.9481544494628906, 1.1171263456344604], [0.004459992051124573, 0.9862898588180542, -0.1649618297815323, 0.7617267966270447], [0.9615201950073242, 0.0410858690738678, 0.27164432406425476, 0.6198469996452332]]\n",
      "[[0.27454784512519836, -0.15980121493339539, -0.9482019543647766, 1.1171696186065674], [0.004553755279630423, 0.9862992167472839, -0.16490325331687927, 0.7617400884628296], [0.9615626335144043, 0.04095594584941864, 0.27151399850845337, 0.6198163032531738]]\n",
      "[[0.27473729848861694, -0.15975919365882874, -0.9481541514396667, 1.1171059608459473], [0.0044427369721233845, 0.9863004088401794, -0.1648993045091629, 0.761757493019104], [0.9615089893341064, 0.04109158739447594, 0.27168333530426025, 0.6198294162750244]]\n",
      "[[0.27469688653945923, -0.15981680154800415, -0.9481561779975891, 1.117112159729004], [0.004659218713641167, 0.9862999320030212, -0.16489629447460175, 0.7617001533508301], [0.9615194797515869, 0.04087883234024048, 0.27167820930480957, 0.6198277473449707]]\n",
      "[[0.2748330533504486, -0.1597665250301361, -0.9481251239776611, 1.1170903444290161], [0.004555114079266787, 0.9863032102584839, -0.1648794412612915, 0.7616298198699951], [0.9614810943603516, 0.04099550098180771, 0.27179646492004395, 0.6198311448097229]]\n",
      "[[0.2749134302139282, -0.159784734249115, -0.9480987787246704, 1.1171290874481201], [0.004587844014167786, 0.9863008260726929, -0.16489270329475403, 0.7616017460823059], [0.9614580273628235, 0.040981486439704895, 0.2718803882598877, 0.6198480129241943]]\n",
      "[[0.27476879954338074, -0.1597212255001068, -0.9481514692306519, 1.116990327835083], [0.004560541827231646, 0.9863117933273315, -0.16482791304588318, 0.7615675330162048], [0.9614994525909424, 0.0409654900431633, 0.27173614501953125, 0.6197546124458313]]\n",
      "[[0.2745947241783142, -0.15971454977989197, -0.9482029676437378, 1.1169869899749756], [0.004455172456800938, 0.9863097667694092, -0.16484303772449493, 0.7615059614181519], [0.961549699306488, 0.04104061424732208, 0.27154695987701416, 0.6197718977928162]]\n",
      "[[0.2747107148170471, -0.1595616638660431, -0.9481950998306274, 1.1171271800994873], [0.0045226882211863995, 0.9863383173942566, -0.16467007994651794, 0.7616140246391296], [0.961516261100769, 0.04094824194908142, 0.2716793715953827, 0.6198142766952515]]\n",
      "[[0.27462148666381836, -0.1597883701324463, -0.9481828212738037, 1.1171705722808838], [0.004591686651110649, 0.9863025546073914, -0.16488245129585266, 0.7617018818855286], [0.9615414142608643, 0.040926508605480194, 0.2715936005115509, 0.6198371648788452]]\n",
      "[[0.27452680468559265, -0.1596979945898056, -0.9482253789901733, 1.1171592473983765], [0.004552565980702639, 0.9863172769546509, -0.16479529440402985, 0.7617284059524536], [0.9615685939788818, 0.04092387109994888, 0.27149760723114014, 0.619825541973114]]\n",
      "[[0.27473679184913635, -0.15992870926856995, -0.9481257200241089, 1.1172040700912476], [0.00458969222381711, 0.986277163028717, -0.16503410041332245, 0.7616254091262817], [0.9615085124969482, 0.040989331901073456, 0.2717006504535675, 0.6198601722717285]]\n",
      "[[0.2747640013694763, -0.15999600291252136, -0.9481064677238464, 1.117084264755249], [0.004637795966118574, 0.9862673282623291, -0.16509173810482025, 0.7616459727287292], [0.9615004062652588, 0.04096415266394615, 0.2717328667640686, 0.619806170463562]]\n",
      "[[0.2747514545917511, -0.15987123548984528, -0.9481312036514282, 1.1171342134475708], [0.004462250508368015, 0.9862816333770752, -0.1650109887123108, 0.7616525888442993], [0.9615048766136169, 0.041106216609478, 0.27169570326805115, 0.619846522808075]]\n",
      "[[0.2747664749622345, -0.1600276529788971, -0.9481003880500793, 1.11711847782135], [0.00453325267881155, 0.9862573146820068, -0.16515430808067322, 0.7616755962371826], [0.9615002274513245, 0.04108089208602905, 0.2717159390449524, 0.6198039650917053]]\n",
      "[[0.2748114764690399, -0.15999919176101685, -0.9480922222137451, 1.1169403791427612], [0.004542631097137928, 0.986262321472168, -0.1651240438222885, 0.761574387550354], [0.961487352848053, 0.04107114300131798, 0.27176299691200256, 0.6197879910469055]]\n",
      "[[0.27480971813201904, -0.159856379032135, -0.9481167793273926, 1.116931438446045], [0.004615873098373413, 0.9862903356552124, -0.16495470702648163, 0.7615110874176025], [0.9614875316619873, 0.040954768657684326, 0.2717800438404083, 0.6198383569717407]]\n",
      "[[0.2748625576496124, -0.1598009467124939, -0.948110818862915, 1.1170861721038818], [0.004646966699510813, 0.9863009452819824, -0.1648905873298645, 0.7616762518882751], [0.9614721536636353, 0.04091641306877136, 0.27183979749679565, 0.6198360919952393]]\n",
      "[[0.27481067180633545, -0.15970677137374878, -0.9481416940689087, 1.1171064376831055], [0.004644692875444889, 0.9863175749778748, -0.16479097306728363, 0.7617353200912476], [0.9614870548248291, 0.04088249430060387, 0.2717924118041992, 0.6198896765708923]]\n",
      "[[0.2748059332370758, -0.1598415970802307, -0.9481204152107239, 1.117110252380371], [0.004749520681798458, 0.9862986207008362, -0.16490137577056885, 0.761753261089325], [0.9614880084991455, 0.04081275686621666, 0.27179986238479614, 0.6198318004608154]]\n"
     ]
    },
    {
     "name": "stdout",
     "output_type": "stream",
     "text": [
      "[[0.27469003200531006, -0.15986913442611694, -0.9481493234634399, 1.1172094345092773], [0.004662408493459225, 0.9862909913063049, -0.16494952142238617, 0.7616562247276306], [0.9615215063095093, 0.040889330208301544, 0.2716697156429291, 0.6198372840881348]]\n",
      "[[0.2747139632701874, -0.15993303060531616, -0.9481315612792969, 1.117027997970581], [0.004782405681908131, 0.9862847924232483, -0.1649831235408783, 0.7615845203399658], [0.9615141153335571, 0.040788814425468445, 0.2717110514640808, 0.6198028326034546]]\n"
     ]
    }
   ],
   "source": [
    "import sys\n",
    "import time\n",
    "import openvr\n",
    "\n",
    "openvr.init(openvr.VRApplication_Scene)\n",
    "poses = []  # will be populated with proper type after first call\n",
    "for i in range(100):\n",
    "    poses, _ = openvr.VRCompositor().waitGetPoses(poses, None)\n",
    "    hmd_pose = poses[openvr.k_unTrackedDeviceIndex_Hmd]\n",
    "    print(hmd_pose.mDeviceToAbsoluteTracking)\n",
    "    sys.stdout.flush()\n",
    "    time.sleep(0.2)\n",
    "openvr.shutdown()"
   ]
  },
  {
   "cell_type": "code",
   "execution_count": null,
   "metadata": {},
   "outputs": [],
   "source": []
  }
 ],
 "metadata": {
  "kernelspec": {
   "display_name": "Python 3",
   "language": "python",
   "name": "python3"
  },
  "language_info": {
   "codemirror_mode": {
    "name": "ipython",
    "version": 3
   },
   "file_extension": ".py",
   "mimetype": "text/x-python",
   "name": "python",
   "nbconvert_exporter": "python",
   "pygments_lexer": "ipython3",
   "version": "3.7.3"
  }
 },
 "nbformat": 4,
 "nbformat_minor": 2
}
